
# timeslot lengths were extracted from csv file from previous conference
timeslots<-c(190,90,90,190,90,90,190,180)#mins for each timeslot in all days
periodlength<-20 # the length of a period
numclasses<-10
class_cap<-c(100,75,75,50,50,50,30,30,20,15)
class_names=c('AMT 100','AMT 101','AMT 102','ASC 165','ART 163','SCI 333','SCI 124','EME 100','EME 133','EME 201')